LK20PN5I  0  0  0.00006667  0.00000217 -1 73 54  0.0000000  0.0000100  0.000    1000   10000   51544.5
VI7YSHOK  0  0  0.00006667  0.00000114 -1 55 47 60.0000000  0.0000100  0.000    1000   10000   51544.5
553UF9IB  0  0  0.00006667  0.00000083 -1 37 41 60.0000000  0.0000100  0.000    1000   10000   51544.5
VRDQIBD8  0  0  0.00006667  0.00000070 -1 19 35 60.0000000  0.0000100  0.000    1000   10000   51544.5
HH7QFQUE  0  0  0.00006667  0.00000067 -1  1 30  0.0000000  0.0000100  0.000    1000   10000   51544.5
82AYE621  0  0  0.00006667  0.00000070 +1 17 23 60.0000000  0.0000100  0.000    1000   10000   51544.5
8IFMMV0O  0  0  0.00006667  0.00000082 +1 35 17 60.0000000  0.0000100  0.000    1000   10000   51544.5
L0CJGB58  0  0  0.00006667  0.00000111 +1 53 11 60.0000000  0.0000100  0.000    1000   10000   51544.5
US7JOTWQ  0  0  0.00006667  0.00000206 +1 71  5 60.0000000  0.0000100  0.000    1000   10000   51544.5
LYL9Q7HV  0  0  0.00006667  0.00003820 +1 89  0  0.0000000  0.0000100  0.000    1000   10000   51544.5
1BPZUCQ7  1 11 48.00006667  0.00000217 -1 73 54  0.0000000  0.0000100  0.000    1000   10000   51544.5
YW4ZKUQ9  1 11 48.00006667  0.00000114 -1 55 47 60.0000000  0.0000100  0.000    1000   10000   51544.5
7BV5OIEZ  1 11 48.00006667  0.00000083 -1 37 41 60.0000000  0.0000100  0.000    1000   10000   51544.5
EBZ0L3FA  1 11 48.00006667  0.00000070 -1 19 35 60.0000000  0.0000100  0.000    1000   10000   51544.5
OWHIQ5Q2  1 11 48.00006667  0.00000067 -1  1 30  0.0000000  0.0000100  0.000    1000   10000   51544.5
OG72VYIA  1 11 48.00006667  0.00000070 +1 17 23 60.0000000  0.0000100  0.000    1000   10000   51544.5
2L0WEHSW  1 11 48.00006667  0.00000082 +1 35 17 60.0000000  0.0000100  0.000    1000   10000   51544.5
SQJPD0NY  1 11 48.00006667  0.00000111 +1 53 11 60.0000000  0.0000100  0.000    1000   10000   51544.5
P0DK6DPE  1 11 48.00006667  0.00000206 +1 71  5 60.0000000  0.0000100  0.000    1000   10000   51544.5
4B9X5HKE  1 11 48.00006667  0.00003820 +1 89  0  0.0000000  0.0000100  0.000    1000   10000   51544.5
T97CHVYK  2 23 36.00006667  0.00000217 -1 73 54  0.0000000  0.0000100  0.000    1000   10000   51544.5
UB7JUG8F  2 23 36.00006667  0.00000114 -1 55 47 60.0000000  0.0000100  0.000    1000   10000   51544.5
65JPJI89  2 23 36.00006667  0.00000083 -1 37 41 60.0000000  0.0000100  0.000    1000   10000   51544.5
253Q9G0K  2 23 36.00006667  0.00000070 -1 19 35 60.0000000  0.0000100  0.000    1000   10000   51544.5
ZTUTYX3F  2 23 36.00006667  0.00000067 -1  1 30  0.0000000  0.0000100  0.000    1000   10000   51544.5
0R0VZ2VO  2 23 36.00006667  0.00000070 +1 17 23 60.0000000  0.0000100  0.000    1000   10000   51544.5
AE21B65X  2 23 36.00006667  0.00000082 +1 35 17 60.0000000  0.0000100  0.000    1000   10000   51544.5
50D81NY4  2 23 36.00006667  0.00000111 +1 53 11 60.0000000  0.0000100  0.000    1000   10000   51544.5
WRZYKWKI  2 23 36.00006667  0.00000206 +1 71  5 60.0000000  0.0000100  0.000    1000   10000   51544.5
8ODVO3WO  2 23 36.00006667  0.00003820 +1 89  0  0.0000000  0.0000100  0.000    1000   10000   51544.5
PSTSJFE5  3 35 24.00006667  0.00000217 -1 73 54  0.0000000  0.0000100  0.000    1000   10000   51544.5
9QDH9KO0  3 35 24.00006667  0.00000114 -1 55 47 60.0000000  0.0000100  0.000    1000   10000   51544.5
3O5WMQO9  3 35 24.00006667  0.00000083 -1 37 41 60.0000000  0.0000100  0.000    1000   10000   51544.5
9B6V74ZY  3 35 24.00006667  0.00000070 -1 19 35 60.0000000  0.0000100  0.000    1000   10000   51544.5
13HS3I8X  3 35 24.00006667  0.00000067 -1  1 30  0.0000000  0.0000100  0.000    1000   10000   51544.5
ETBP8X2D  3 35 24.00006667  0.00000070 +1 17 23 60.0000000  0.0000100  0.000    1000   10000   51544.5
13FON5K7  3 35 24.00006667  0.00000082 +1 35 17 60.0000000  0.0000100  0.000    1000   10000   51544.5
8QPBE74R  3 35 24.00006667  0.00000111 +1 53 11 60.0000000  0.0000100  0.000    1000   10000   51544.5
GSE7SC93  3 35 24.00006667  0.00000206 +1 71  5 60.0000000  0.0000100  0.000    1000   10000   51544.5
HPYWMPIZ  3 35 24.00006667  0.00003820 +1 89  0  0.0000000  0.0000100  0.000    1000   10000   51544.5
7EBSVIUZ  4 47 12.00006667  0.00000217 -1 73 54  0.0000000  0.0000100  0.000    1000   10000   51544.5
UFXG27AL  4 47 12.00006667  0.00000114 -1 55 47 60.0000000  0.0000100  0.000    1000   10000   51544.5
NJAEVLTN  4 47 12.00006667  0.00000083 -1 37 41 60.0000000  0.0000100  0.000    1000   10000   51544.5
C31DEY7K  4 47 12.00006667  0.00000070 -1 19 35 60.0000000  0.0000100  0.000    1000   10000   51544.5
OAALITYL  4 47 12.00006667  0.00000067 -1  1 30  0.0000000  0.0000100  0.000    1000   10000   51544.5
BNOZKKH2  4 47 12.00006667  0.00000070 +1 17 23 60.0000000  0.0000100  0.000    1000   10000   51544.5
S0W7XWMT  4 47 12.00006667  0.00000082 +1 35 17 60.0000000  0.0000100  0.000    1000   10000   51544.5
POJ0KUP5  4 47 12.00006667  0.00000111 +1 53 11 60.0000000  0.0000100  0.000    1000   10000   51544.5
1Z9U8HE7  4 47 12.00006667  0.00000206 +1 71  5 60.0000000  0.0000100  0.000    1000   10000   51544.5
H33RV6WR  4 47 12.00006667  0.00003820 +1 89  0  0.0000000  0.0000100  0.000    1000   10000   51544.5
HSJGYI9X  5 59  0.00006667  0.00000217 -1 73 54  0.0000000  0.0000100  0.000    1000   10000   51544.5
M10TGSFD  5 59  0.00006667  0.00000114 -1 55 47 60.0000000  0.0000100  0.000    1000   10000   51544.5
H12WJXO3  5 59  0.00006667  0.00000083 -1 37 41 60.0000000  0.0000100  0.000    1000   10000   51544.5
1A1HKV17  5 59  0.00006667  0.00000070 -1 19 35 60.0000000  0.0000100  0.000    1000   10000   51544.5
GEYO0PHI  5 59  0.00006667  0.00000067 -1  1 30  0.0000000  0.0000100  0.000    1000   10000   51544.5
9T5PVLGO  5 59  0.00006667  0.00000070 +1 17 23 60.0000000  0.0000100  0.000    1000   10000   51544.5
BTMSIHMI  5 59  0.00006667  0.00000082 +1 35 17 60.0000000  0.0000100  0.000    1000   10000   51544.5
8RNSXSBH  5 59  0.00006667  0.00000111 +1 53 11 60.0000000  0.0000100  0.000    1000   10000   51544.5
1HL1VQKM  5 59  0.00006667  0.00000206 +1 71  5 60.0000000  0.0000100  0.000    1000   10000   51544.5
XCX6Q6EO  5 59  0.00006667  0.00003820 +1 89  0  0.0000000  0.0000100  0.000    1000   10000   51544.5
KVO5UUXX  7 10 48.00006667  0.00000217 -1 73 54  0.0000000  0.0000100  0.000    1000   10000   51544.5
UAE2S0KA  7 10 48.00006667  0.00000114 -1 55 47 60.0000000  0.0000100  0.000    1000   10000   51544.5
9VDXGJU5  7 10 48.00006667  0.00000083 -1 37 41 60.0000000  0.0000100  0.000    1000   10000   51544.5
W275OGXS  7 10 48.00006667  0.00000070 -1 19 35 60.0000000  0.0000100  0.000    1000   10000   51544.5
1JZBH0Q6  7 10 48.00006667  0.00000067 -1  1 30  0.0000000  0.0000100  0.000    1000   10000   51544.5
S6MXSGJI  7 10 48.00006667  0.00000070 +1 17 23 60.0000000  0.0000100  0.000    1000   10000   51544.5
4XGT0B0A  7 10 48.00006667  0.00000082 +1 35 17 60.0000000  0.0000100  0.000    1000   10000   51544.5
UKGE4M5H  7 10 48.00006667  0.00000111 +1 53 11 60.0000000  0.0000100  0.000    1000   10000   51544.5
37KFR8S5  7 10 48.00006667  0.00000206 +1 71  5 60.0000000  0.0000100  0.000    1000   10000   51544.5
10MF9YCC  7 10 48.00006667  0.00003820 +1 89  0  0.0000000  0.0000100  0.000    1000   10000   51544.5
8CIJB1ZO  8 22 36.00006667  0.00000217 -1 73 54  0.0000000  0.0000100  0.000    1000   10000   51544.5
QZ4APH10  8 22 36.00006667  0.00000114 -1 55 47 60.0000000  0.0000100  0.000    1000   10000   51544.5
6CVG8JAQ  8 22 36.00006667  0.00000083 -1 37 41 60.0000000  0.0000100  0.000    1000   10000   51544.5
4C3ZWAOG  8 22 36.00006667  0.00000070 -1 19 35 60.0000000  0.0000100  0.000    1000   10000   51544.5
EAMRARLQ  8 22 36.00006667  0.00000067 -1  1 30  0.0000000  0.0000100  0.000    1000   10000   51544.5
71DQBL3Q  8 22 36.00006667  0.00000070 +1 17 23 60.0000000  0.0000100  0.000    1000   10000   51544.5
S67CG7G5  8 22 36.00006667  0.00000082 +1 35 17 60.0000000  0.0000100  0.000    1000   10000   51544.5
76LN7GU9  8 22 36.00006667  0.00000111 +1 53 11 60.0000000  0.0000100  0.000    1000   10000   51544.5
5L0G88GM  8 22 36.00006667  0.00000206 +1 71  5 60.0000000  0.0000100  0.000    1000   10000   51544.5
Y59H1UHD  8 22 36.00006667  0.00003820 +1 89  0  0.0000000  0.0000100  0.000    1000   10000   51544.5
33Q114D1  9 34 24.00006667  0.00000217 -1 73 54  0.0000000  0.0000100  0.000    1000   10000   51544.5
C9PQ7LZG  9 34 24.00006667  0.00000114 -1 55 47 60.0000000  0.0000100  0.000    1000   10000   51544.5
4DCVVNBC  9 34 24.00006667  0.00000083 -1 37 41 60.0000000  0.0000100  0.000    1000   10000   51544.5
MSJGXVCF  9 34 24.00006667  0.00000070 -1 19 35 60.0000000  0.0000100  0.000    1000   10000   51544.5
7V521UZA  9 34 24.00006667  0.00000067 -1  1 30  0.0000000  0.0000100  0.000    1000   10000   51544.5
H9C60IW1  9 34 24.00006667  0.00000070 +1 17 23 60.0000000  0.0000100  0.000    1000   10000   51544.5
IRP1Y0RU  9 34 24.00006667  0.00000082 +1 35 17 60.0000000  0.0000100  0.000    1000   10000   51544.5
XXYXL3C7  9 34 24.00006667  0.00000111 +1 53 11 60.0000000  0.0000100  0.000    1000   10000   51544.5
H5OP02PZ  9 34 24.00006667  0.00000206 +1 71  5 60.0000000  0.0000100  0.000    1000   10000   51544.5
M04840RO  9 34 24.00006667  0.00003820 +1 89  0  0.0000000  0.0000100  0.000    1000   10000   51544.5
OZ6PY76W 10 46 12.00006667  0.00000217 -1 73 54  0.0000000  0.0000100  0.000    1000   10000   51544.5
PYL0T37M 10 46 12.00006667  0.00000114 -1 55 47 60.0000000  0.0000100  0.000    1000   10000   51544.5
I783SGTG 10 46 12.00006667  0.00000083 -1 37 41 60.0000000  0.0000100  0.000    1000   10000   51544.5
T7G144E1 10 46 12.00006667  0.00000070 -1 19 35 60.0000000  0.0000100  0.000    1000   10000   51544.5
AXJ33447 10 46 12.00006667  0.00000067 -1  1 30  0.0000000  0.0000100  0.000    1000   10000   51544.5
2NPP40XB 10 46 12.00006667  0.00000070 +1 17 23 60.0000000  0.0000100  0.000    1000   10000   51544.5
9XQ3Q8SF 10 46 12.00006667  0.00000082 +1 35 17 60.0000000  0.0000100  0.000    1000   10000   51544.5
Y2ZWPC1N 10 46 12.00006667  0.00000111 +1 53 11 60.0000000  0.0000100  0.000    1000   10000   51544.5
8PUBFZAU 10 46 12.00006667  0.00000206 +1 71  5 60.0000000  0.0000100  0.000    1000   10000   51544.5
B6KYBSKR 10 46 12.00006667  0.00003820 +1 89  0  0.0000000  0.0000100  0.000    1000   10000   51544.5
4Q1XNNKM 11 58  0.00006667  0.00000217 -1 73 54  0.0000000  0.0000100  0.000    1000   10000   51544.5
G4ZFQU8C 11 58  0.00006667  0.00000114 -1 55 47 60.0000000  0.0000100  0.000    1000   10000   51544.5
U9SPZQ5J 11 58  0.00006667  0.00000083 -1 37 41 60.0000000  0.0000100  0.000    1000   10000   51544.5
0T7FV72V 11 58  0.00006667  0.00000070 -1 19 35 60.0000000  0.0000100  0.000    1000   10000   51544.5
NOR7Y09T 11 58  0.00006667  0.00000067 -1  1 30  0.0000000  0.0000100  0.000    1000   10000   51544.5
0N14XGOU 11 58  0.00006667  0.00000070 +1 17 23 60.0000000  0.0000100  0.000    1000   10000   51544.5
8B6JN5VY 11 58  0.00006667  0.00000082 +1 35 17 60.0000000  0.0000100  0.000    1000   10000   51544.5
B5MEUX15 11 58  0.00006667  0.00000111 +1 53 11 60.0000000  0.0000100  0.000    1000   10000   51544.5
QY9CEXQB 11 58  0.00006667  0.00000206 +1 71  5 60.0000000  0.0000100  0.000    1000   10000   51544.5
6XSTZ7PB 11 58  0.00006667  0.00003820 +1 89  0  0.0000000  0.0000100  0.000    1000   10000   51544.5
MAXHGESU 13  9 48.00006667  0.00000217 -1 73 54  0.0000000  0.0000100  0.000    1000   10000   51544.5
RMX053U1 13  9 48.00006667  0.00000114 -1 55 47 60.0000000  0.0000100  0.000    1000   10000   51544.5
FK31325Z 13  9 48.00006667  0.00000083 -1 37 41 60.0000000  0.0000100  0.000    1000   10000   51544.5
39INA0XG 13  9 48.00006667  0.00000070 -1 19 35 60.0000000  0.0000100  0.000    1000   10000   51544.5
BVUBY6B2 13  9 48.00006667  0.00000067 -1  1 30  0.0000000  0.0000100  0.000    1000   10000   51544.5
SNT6M8YK 13  9 48.00006667  0.00000070 +1 17 23 60.0000000  0.0000100  0.000    1000   10000   51544.5
PXT9IKTJ 13  9 48.00006667  0.00000082 +1 35 17 60.0000000  0.0000100  0.000    1000   10000   51544.5
QTVRPJ12 13  9 48.00006667  0.00000111 +1 53 11 60.0000000  0.0000100  0.000    1000   10000   51544.5
67CLOO3C 13  9 48.00006667  0.00000206 +1 71  5 60.0000000  0.0000100  0.000    1000   10000   51544.5
FW8VB7DY 13  9 48.00006667  0.00003820 +1 89  0  0.0000000  0.0000100  0.000    1000   10000   51544.5
ZI8EZ32Y 14 21 36.00006667  0.00000217 -1 73 54  0.0000000  0.0000100  0.000    1000   10000   51544.5
NR4ULC8N 14 21 36.00006667  0.00000114 -1 55 47 60.0000000  0.0000100  0.000    1000   10000   51544.5
XZFX17LG 14 21 36.00006667  0.00000083 -1 37 41 60.0000000  0.0000100  0.000    1000   10000   51544.5
31VDE54R 14 21 36.00006667  0.00000070 -1 19 35 60.0000000  0.0000100  0.000    1000   10000   51544.5
ZJRGX9PF 14 21 36.00006667  0.00000067 -1  1 30  0.0000000  0.0000100  0.000    1000   10000   51544.5
Z3KI2RK5 14 21 36.00006667  0.00000070 +1 17 23 60.0000000  0.0000100  0.000    1000   10000   51544.5
AKCSKLCG 14 21 36.00006667  0.00000082 +1 35 17 60.0000000  0.0000100  0.000    1000   10000   51544.5
H5ULSWOU 14 21 36.00006667  0.00000111 +1 53 11 60.0000000  0.0000100  0.000    1000   10000   51544.5
C65HC1TO 14 21 36.00006667  0.00000206 +1 71  5 60.0000000  0.0000100  0.000    1000   10000   51544.5
EP71WZCN 14 21 36.00006667  0.00003820 +1 89  0  0.0000000  0.0000100  0.000    1000   10000   51544.5
LOONU7XM 15 33 24.00006667  0.00000217 -1 73 54  0.0000000  0.0000100  0.000    1000   10000   51544.5
VE0E513Y 15 33 24.00006667  0.00000114 -1 55 47 60.0000000  0.0000100  0.000    1000   10000   51544.5
2ADN4ON4 15 33 24.00006667  0.00000083 -1 37 41 60.0000000  0.0000100  0.000    1000   10000   51544.5
WJPXSQT5 15 33 24.00006667  0.00000070 -1 19 35 60.0000000  0.0000100  0.000    1000   10000   51544.5
SHJ3YBHA 15 33 24.00006667  0.00000067 -1  1 30  0.0000000  0.0000100  0.000    1000   10000   51544.5
VYC4UU8Y 15 33 24.00006667  0.00000070 +1 17 23 60.0000000  0.0000100  0.000    1000   10000   51544.5
CQM3DD2R 15 33 24.00006667  0.00000082 +1 35 17 60.0000000  0.0000100  0.000    1000   10000   51544.5
OZ9P716U 15 33 24.00006667  0.00000111 +1 53 11 60.0000000  0.0000100  0.000    1000   10000   51544.5
0E6B91U1 15 33 24.00006667  0.00000206 +1 71  5 60.0000000  0.0000100  0.000    1000   10000   51544.5
F93G1KJM 15 33 24.00006667  0.00003820 +1 89  0  0.0000000  0.0000100  0.000    1000   10000   51544.5
5W67LXNO 16 45 12.00006667  0.00000217 -1 73 54  0.0000000  0.0000100  0.000    1000   10000   51544.5
69UFAVGC 16 45 12.00006667  0.00000114 -1 55 47 60.0000000  0.0000100  0.000    1000   10000   51544.5
KQATKBV5 16 45 12.00006667  0.00000083 -1 37 41 60.0000000  0.0000100  0.000    1000   10000   51544.5
IZU7NZHU 16 45 12.00006667  0.00000070 -1 19 35 60.0000000  0.0000100  0.000    1000   10000   51544.5
5HD5WJMI 16 45 12.00006667  0.00000067 -1  1 30  0.0000000  0.0000100  0.000    1000   10000   51544.5
JTF6IWW1 16 45 12.00006667  0.00000070 +1 17 23 60.0000000  0.0000100  0.000    1000   10000   51544.5
6IZM6HKB 16 45 12.00006667  0.00000082 +1 35 17 60.0000000  0.0000100  0.000    1000   10000   51544.5
33WOKOE0 16 45 12.00006667  0.00000111 +1 53 11 60.0000000  0.0000100  0.000    1000   10000   51544.5
WTZB2WSA 16 45 12.00006667  0.00000206 +1 71  5 60.0000000  0.0000100  0.000    1000   10000   51544.5
9GM70EPY 16 45 12.00006667  0.00003820 +1 89  0  0.0000000  0.0000100  0.000    1000   10000   51544.5
7SFC3SJZ 17 57  0.00006667  0.00000217 -1 73 54  0.0000000  0.0000100  0.000    1000   10000   51544.5
IEQISWC1 17 57  0.00006667  0.00000114 -1 55 47 60.0000000  0.0000100  0.000    1000   10000   51544.5
PNY9LZSL 17 57  0.00006667  0.00000083 -1 37 41 60.0000000  0.0000100  0.000    1000   10000   51544.5
S2NZHFJB 17 57  0.00006667  0.00000070 -1 19 35 60.0000000  0.0000100  0.000    1000   10000   51544.5
7KORXMSO 17 57  0.00006667  0.00000067 -1  1 30  0.0000000  0.0000100  0.000    1000   10000   51544.5
APBCZIDE 17 57  0.00006667  0.00000070 +1 17 23 60.0000000  0.0000100  0.000    1000   10000   51544.5
I1LNOWP4 17 57  0.00006667  0.00000082 +1 35 17 60.0000000  0.0000100  0.000    1000   10000   51544.5
96FSJ9HZ 17 57  0.00006667  0.00000111 +1 53 11 60.0000000  0.0000100  0.000    1000   10000   51544.5
IQG92D3B 17 57  0.00006667  0.00000206 +1 71  5 60.0000000  0.0000100  0.000    1000   10000   51544.5
1FZ0IH8I 17 57  0.00006667  0.00003820 +1 89  0  0.0000000  0.0000100  0.000    1000   10000   51544.5
R1VL6OIK 19  8 48.00006667  0.00000217 -1 73 54  0.0000000  0.0000100  0.000    1000   10000   51544.5
1455GFAR 19  8 48.00006667  0.00000114 -1 55 47 60.0000000  0.0000100  0.000    1000   10000   51544.5
ZZXAQD0M 19  8 48.00006667  0.00000083 -1 37 41 60.0000000  0.0000100  0.000    1000   10000   51544.5
JNI0X6FU 19  8 48.00006667  0.00000070 -1 19 35 60.0000000  0.0000100  0.000    1000   10000   51544.5
M4ORS4IY 19  8 48.00006667  0.00000067 -1  1 30  0.0000000  0.0000100  0.000    1000   10000   51544.5
QCDPU3T9 19  8 48.00006667  0.00000070 +1 17 23 60.0000000  0.0000100  0.000    1000   10000   51544.5
BMDGH0V3 19  8 48.00006667  0.00000082 +1 35 17 60.0000000  0.0000100  0.000    1000   10000   51544.5
29YIAG3G 19  8 48.00006667  0.00000111 +1 53 11 60.0000000  0.0000100  0.000    1000   10000   51544.5
LBN69FA8 19  8 48.00006667  0.00000206 +1 71  5 60.0000000  0.0000100  0.000    1000   10000   51544.5
OPV3JI2X 19  8 48.00006667  0.00003820 +1 89  0  0.0000000  0.0000100  0.000    1000   10000   51544.5
LSDGK15C 20 20 36.00006667  0.00000217 -1 73 54  0.0000000  0.0000100  0.000    1000   10000   51544.5
PA4Q5LDM 20 20 36.00006667  0.00000114 -1 55 47 60.0000000  0.0000100  0.000    1000   10000   51544.5
2Q8C4PBJ 20 20 36.00006667  0.00000083 -1 37 41 60.0000000  0.0000100  0.000    1000   10000   51544.5
YEU66ACY 20 20 36.00006667  0.00000070 -1 19 35 60.0000000  0.0000100  0.000    1000   10000   51544.5
UGGRBNY2 20 20 36.00006667  0.00000067 -1  1 30  0.0000000  0.0000100  0.000    1000   10000   51544.5
DNRDY6SH 20 20 36.00006667  0.00000070 +1 17 23 60.0000000  0.0000100  0.000    1000   10000   51544.5
S8LCE0CT 20 20 36.00006667  0.00000082 +1 35 17 60.0000000  0.0000100  0.000    1000   10000   51544.5
DPLFZ0E4 20 20 36.00006667  0.00000111 +1 53 11 60.0000000  0.0000100  0.000    1000   10000   51544.5
1MQTDWNJ 20 20 36.00006667  0.00000206 +1 71  5 60.0000000  0.0000100  0.000    1000   10000   51544.5
1Z828JCX 20 20 36.00006667  0.00003820 +1 89  0  0.0000000  0.0000100  0.000    1000   10000   51544.5
CQ4IR3OM 21 32 24.00006667  0.00000217 -1 73 54  0.0000000  0.0000100  0.000    1000   10000   51544.5
XY17S6DW 21 32 24.00006667  0.00000114 -1 55 47 60.0000000  0.0000100  0.000    1000   10000   51544.5
1DQGN0PP 21 32 24.00006667  0.00000083 -1 37 41 60.0000000  0.0000100  0.000    1000   10000   51544.5
HDMFEG0Q 21 32 24.00006667  0.00000070 -1 19 35 60.0000000  0.0000100  0.000    1000   10000   51544.5
F8SVEDB1 21 32 24.00006667  0.00000067 -1  1 30  0.0000000  0.0000100  0.000    1000   10000   51544.5
GCXNCJ96 21 32 24.00006667  0.00000070 +1 17 23 60.0000000  0.0000100  0.000    1000   10000   51544.5
D5QHPY4X 21 32 24.00006667  0.00000082 +1 35 17 60.0000000  0.0000100  0.000    1000   10000   51544.5
7LHAQM69 21 32 24.00006667  0.00000111 +1 53 11 60.0000000  0.0000100  0.000    1000   10000   51544.5
EIW6NHAM 21 32 24.00006667  0.00000206 +1 71  5 60.0000000  0.0000100  0.000    1000   10000   51544.5
L8CDCC8T 21 32 24.00006667  0.00003820 +1 89  0  0.0000000  0.0000100  0.000    1000   10000   51544.5
J0AIVW7Y 22 44 12.00006667  0.00000217 -1 73 54  0.0000000  0.0000100  0.000    1000   10000   51544.5
FHN8RX1H 22 44 12.00006667  0.00000114 -1 55 47 60.0000000  0.0000100  0.000    1000   10000   51544.5
KSBPOKVP 22 44 12.00006667  0.00000083 -1 37 41 60.0000000  0.0000100  0.000    1000   10000   51544.5
76NPSX58 22 44 12.00006667  0.00000070 -1 19 35 60.0000000  0.0000100  0.000    1000   10000   51544.5
PBDZIF9D 22 44 12.00006667  0.00000067 -1  1 30  0.0000000  0.0000100  0.000    1000   10000   51544.5
OHZ3ZT2E 22 44 12.00006667  0.00000070 +1 17 23 60.0000000  0.0000100  0.000    1000   10000   51544.5
0BL9CDJL 22 44 12.00006667  0.00000082 +1 35 17 60.0000000  0.0000100  0.000    1000   10000   51544.5
3SP13K46 22 44 12.00006667  0.00000111 +1 53 11 60.0000000  0.0000100  0.000    1000   10000   51544.5
3FFXP334 22 44 12.00006667  0.00000206 +1 71  5 60.0000000  0.0000100  0.000    1000   10000   51544.5
U49IHZQX 22 44 12.00006667  0.00003820 +1 89  0  0.0000000  0.0000100  0.000    1000   10000   51544.5
