[(0, 11), (8, 11), (6, 11), (2, 9), (6, 7), (6, 5), (12, 5), (4, 3), (1, 2)]
[(0, 11), (2, 11), (8, 9), (6, 7), (6, 5), (6, 3), (4, 3), (3, 2)]
[(0, 12), (9, 12), (4, 11), (12, 11), (4, 8), (5, 8), (2, 7), (8, 5), (3, 5), (9, 3), (2, 2)]
[(0, 12), (2, 11), (8, 9), (6, 7), (6, 5), (4, 4), (3, 3), (3, 2)]
[(0, 13), (9, 13), (4, 11), (12, 11), (6, 11), (5, 11), (8, 11), (2, 7), (12, 5), (1, 4), (1, 3), (1, 2)]
[(0, 13), (2, 11), (8, 9), (1, 6), (6, 4), (8, 4), (4, 3), (4, 2)]
[(0, 14), (6, 14), (6, 14), (6, 14), (5, 14), (2, 13), (10, 13), (2, 14), (8, 14), (8, 14), (2, 13), (7, 13), (8, 13), (2, 12), (12, 12), (2, 13), (10, 13), (8, 13), (11, 13), (4, 12), (6, 12), (8, 12), (2, 13), (8, 13), (8, 13), (2, 12), (8, 12), (4, 11), (12, 11), (12, 11), (4, 10), (12, 10), (12, 10), (4, 9), (6, 9), (8, 9), (4, 8), (3, 7), (6, 7), (4, 5), (3, 4), (9, 4), (3, 3), (9, 3), (3, 2)]
[(0, 14), (9, 14), (4, 9), (5, 9), (3, 7), (9, 5), (2, 4), (2, 3), (2, 2)]
[(0, 14), (8, 14), (6, 14), (9, 14), (9, 14), (4, 13), (6, 13), (4, 14), (12, 14), (12, 14), (4, 13), (12, 13), (12, 13), (6, 13), (6, 13), (5, 13), (4, 12), (9, 12), (12, 12), (4, 13), (8, 13), (11, 13), (10, 13), (2, 12), (12, 12), (2, 13), (8, 13), (10, 13), (2, 12), (12, 12), (6, 12), (6, 12), (7, 12), (5, 12), (4, 11), (9, 11), (12, 11), (4, 12), (12, 12), (12, 12), (4, 11), (11, 11), (12, 11), (12, 11), (2, 10), (12, 10), (3, 9), (8, 9), (4, 5), (1, 4), (1, 3), (5, 3), (1, 2)]
[(0, 14), (2, 11), (8, 9), (4, 6), (3, 5), (3, 4), (3, 3), (3, 2)]
[(0, 13), (8, 13), (6, 13), (2, 11), (6, 9), (6, 7), (6, 5), (12, 5), (4, 3), (1, 2)]
[(0, 13), (2, 13), (8, 11), (6, 9), (6, 7), (6, 5), (6, 3), (4, 3), (3, 2)]
[(0, 14), (9, 14), (4, 13), (12, 13), (4, 12), (12, 12), (7, 12), (4, 11), (7, 11), (2, 10), (8, 8), (2, 7), (8, 5), (3, 5), (9, 3), (2, 2)]
[(0, 14), (2, 13), (8, 11), (6, 9), (6, 7), (6, 5), (4, 4), (3, 3), (3, 2)]
[(0, 15), (9, 15), (4, 13), (12, 13), (7, 13), (4, 11), (7, 11), (7, 11), (2, 9), (8, 7), (3, 6), (9, 4), (2, 3), (2, 2)]
[(0, 15), (2, 13), (8, 11), (6, 9), (1, 6), (6, 4), (8, 4), (4, 3), (4, 2)]
[(0, 16), (9, 16), (4, 13), (12, 13), (6, 13), (5, 13), (8, 13), (2, 8), (12, 6), (1, 5), (1, 4), (1, 3), (1, 2)]
[(0, 16), (2, 13), (8, 11), (1, 7), (6, 5), (8, 5), (4, 4), (4, 3), (4, 2)]
