[(0, 7), (6, 7), (9, 7), (4, 5), (10, 3), (3, 2)]
[(0, 7), (2, 7), (8, 5), (6, 3), (4, 3), (3, 2)]
[(0, 8), (9, 8), (4, 5), (7, 5), (3, 3), (2, 2)]
[(0, 8), (2, 7), (8, 5), (4, 4), (3, 3), (3, 2)]
[(0, 9), (11, 9), (11, 9), (4, 7), (7, 7), (3, 4), (2, 3), (2, 2)]
[(0, 9), (2, 9), (8, 7), (7, 7), (4, 5), (3, 4), (3, 3), (5, 3), (3, 2)]
[(0, 9), (8, 9), (6, 9), (2, 7), (6, 5), (12, 5), (4, 3), (1, 2)]
[(0, 9), (2, 9), (8, 7), (6, 5), (6, 3), (4, 3), (3, 2)]
[(0, 10), (9, 10), (4, 9), (12, 9), (7, 9), (4, 8), (7, 8), (2, 7), (8, 5), (3, 5), (9, 3), (2, 2)]
[(0, 10), (2, 9), (8, 7), (6, 5), (4, 4), (3, 3), (3, 2)]
[(0, 11), (9, 11), (4, 7), (5, 7), (3, 6), (9, 4), (2, 3), (2, 2)]
[(0, 11), (2, 9), (8, 7), (4, 5), (3, 4), (3, 3), (3, 2)]
[(0, 11), (8, 11), (6, 11), (2, 9), (6, 7), (6, 5), (12, 5), (4, 3), (1, 2)]
[(0, 11), (2, 11), (8, 9), (6, 7), (6, 5), (6, 3), (4, 3), (3, 2)]
[(0, 12), (9, 12), (4, 11), (12, 11), (4, 8), (5, 8), (2, 7), (8, 5), (3, 5), (9, 3), (2, 2)]
[(0, 12), (2, 11), (8, 9), (6, 7), (6, 5), (4, 4), (3, 3), (3, 2)]
[(0, 13), (9, 13), (4, 11), (12, 11), (6, 11), (5, 11), (8, 11), (2, 7), (12, 5), (1, 4), (1, 3), (1, 2)]
[(0, 13), (2, 11), (8, 9), (1, 6), (6, 4), (8, 4), (4, 3), (4, 2)]
